[ 2.99406973e+03 -7.41782797e+02  7.21131952e+02 -5.06167774e+01 3.32194306e+02 -4.60157822e+01  1.67253120e+02  1.93836409e+02 -1.00116864e+02  2.62803375e+02  3.79664917e+01  1.84040620e+02]
 
[-7.41782797e+02  4.89399426e+02 -2.44571541e+02  1.01883793e+02 -7.64238212e+01  6.14449246e+01 -2.75816340e+01 -3.19384234e+01 6.64410780e+01 -6.62548355e+01  1.07969102e+01 -6.21899040e+01]

[ 7.21131952e+02 -2.44571541e+02  4.18507330e+02 -6.69328926e+01 1.79388862e+02 -1.33387489e+01  7.59905023e+01  9.40251260e+01 -4.94919131e+01  1.22523259e+02  4.66023056e+00  1.12040125e+02]

[-5.06167774e+01  1.01883793e+02 -6.69328926e+01  1.12239797e+02 4.12714645e+00  4.50332081e+01  1.83875633e+01  5.84550107e+00 3.80519717e+01 -2.14293379e+00  3.11211041e+01 -1.91931270e+01]

[ 3.32194306e+02 -7.64238212e+01  1.79388862e+02  4.12714645e+00 1.42940984e+02  2.30828450e+01  5.11523581e+01  5.11021815e+01 -8.35179202e+00  6.84145645e+01  2.01651787e+01  5.32884272e+01]

[-4.60157822e+01  6.14449246e+01 -1.33387489e+01  4.50332081e+01 2.30828450e+01  5.49838736e+01  2.55836106e+01  5.74396257e+00 1.47100331e+01  8.76027429e+00  1.72569329e+01  4.28962596e+00]

[ 1.67253120e+02 -2.75816340e+01  7.59905023e+01  1.83875633e+01 5.11523581e+01  2.55836106e+01  6.11379493e+01  3.59450238e+01 4.88749961e+00  3.71713338e+01  2.43281887e+01  3.11646828e+01]

[ 1.93836409e+02 -3.19384234e+01  9.40251260e+01  5.84550107e+00 5.11021815e+01  5.74396257e+00  3.59450238e+01  5.51035362e+01 1.10515581e+01  3.79195729e+01  9.43756228e+00  2.52613482e+01]

[-1.00116864e+02  6.64410780e+01 -4.94919131e+01  3.80519717e+01 -8.35179202e+00  1.47100331e+01  4.88749961e+00  1.10515581e+01 4.44969019e+01  3.47840658e+00  1.51106789e+01 -1.70052635e+01]

[ 2.62803375e+02 -6.62548355e+01  1.22523259e+02 -2.14293379e+00 6.84145645e+01  8.76027429e+00  3.71713338e+01  3.79195729e+01 3.47840658e+00  7.37853840e+01  2.30380729e+01  4.29046395e+01]

[ 3.79664917e+01  1.07969102e+01  4.66023056e+00  3.11211041e+01 2.01651787e+01  1.72569329e+01  2.43281887e+01  9.43756228e+00 1.51106789e+01  2.30380729e+01  4.14507614e+01  1.64964522e+01]

[ 1.84040620e+02 -6.21899040e+01  1.12040125e+02 -1.91931270e+01 5.32884272e+01  4.28962596e+00  3.11646828e+01  2.52613482e+01 -1.70052635e+01  4.29046395e+01  1.64964522e+01  7.29400137e+01]
